102
7.78957044603 -5.80669429889 
inf

-5.42676621835 -1.1304976191 
inf

-5.00075412681 7.0369668198 
inf

-9.63168760744 0.0207219878308 
inf

-6.29028409547 8.52365145391 
inf

-8.68060149191 6.39311473649 
inf

-3.602727779 3.66586978252 
inf

9.64077132737 -2.73725396615 
inf

-7.00365516218 -0.992220542856 
inf

6.00347539224 6.37436627242 
inf

-6.66717924022 8.08652692385 
inf

1.48793719313 -0.997783984522 
inf

6.6520743429 6.64691250615 
inf

7.94261928552 4.17413029548 
inf

4.43648294287 -7.86407501337 
inf

-6.69401467624 7.29177254126 
inf

1.11000276688 -1.69476880305 
inf

1.47831516875 8.32595318478 
inf

0.00196661334576 -5.8367472402 
inf

9.35785377368 -3.60491865948 
inf

0.560524980799 3.02372354689 
inf

-3.96414733211 7.82327102396 
inf

6.02006838472 5.04363212504 
inf

3.82674640688 2.39443464782 
inf

8.37645288481 1.91327333074 
inf

-2.62133109971 -1.43465233568 
inf

-4.6787118235 -7.26052204951 
inf

4.96576728065 -2.54278683688 
inf

-8.51315798169 8.27175260441 
inf

2.59684479451 -3.42301620796 
inf

9.07772506544 -5.92484004606 
inf

7.11618032172 4.07712656729 
inf

-0.933810263376 6.47403408609 
inf

-9.52779210151 9.62671471742 
inf

-0.502242367017 -3.49193943361 
inf

7.44998573207 -4.48217399161 
inf

-8.44830730858 1.27673213895 
inf

7.91226066552 9.92814557623 
inf

-6.80999453962 -8.20536751217 
inf

-2.69318553279 1.7553531247 
inf

-7.67608317438 2.62810265302 
inf

4.49483107519 7.28968410627 
inf

-9.91468419317 5.9816730935 
inf

5.56143670136 -5.16569848879 
inf

-1.4214821213 -7.86157951591 
inf

2.65367783264 -2.9586425484 
inf

-8.97179312025 -3.26919560939 
inf

7.50224097516 -2.79698770158 
inf

5.73426190565 -3.00000140117 
inf

3.71107286481 3.18424762841 
inf

2.51782460721 5.26276555623 
inf

-5.53902024195 0.430085263415 
inf

5.19091113247 -2.34901478158 
inf

-7.50227440964 9.40633834312 
inf

1.83831868313 5.21114405953 
inf

-2.60024462482 -9.95455443857 
inf

8.4613603812 -0.461824140727 
inf

-6.04252786191 1.11503821384 
inf

6.57953331088 -5.01432098216 
inf

2.6870804991 -7.51208001632 
inf

-4.95114510644 -1.57865760456 
inf

-0.512081417494 8.75992776768 
inf

-8.39440998547 -7.99425681028 
inf

4.0226933146 -3.93343021811 
inf

2.43582845313 -0.786395562248 
inf

3.71755500032 -5.33945379562 
inf

1.71133003743 3.12389334344 
inf

9.20918079056 -3.1628417285 
inf

-2.97493725688 1.04749946438 
inf

-7.95169767828 6.90790524562 
inf

8.44725483956 -7.90625210754 
inf

5.36926562682 -2.01456931048 
inf

-5.4350359996 1.03689904839 
inf

-5.66985357351 7.2520444995 
inf

3.52481904138 -0.620998670636 
inf

-6.98726238543 -1.86107091227 
inf

-4.98151919571 -7.83837760698 
inf

3.34554668206 7.45430926674 
inf

1.37522684009 -2.93689831762 
inf

-7.88514453819 -6.9134431318 
inf

-9.8130049835 -8.67596374763 
inf

-0.0762848602963 -2.78794224038 
inf

2.37153571675 1.97201747073 
inf

0.818790556313 4.06576536319 
inf

9.48922863206 8.80422124583 
inf

-9.88301461557 -4.0264675459 
inf

-6.63081476308 1.15388443282 
inf

-9.37877027289 -5.32129653512 
inf

-2.17839071163 3.57359352222 
inf

2.70992189306 -0.0167683092955 
inf

-3.08085980503 0.164231150488 
inf

-8.64154147852 3.98224187735 
inf

2.27908662161 -5.55498461032 
inf

4.16923689384 3.60312287398 
inf

-8.61870534654 -4.02534141858 
inf

-3.6592520092 -4.4987423413 
inf

6.79344913773 -9.59348665531 
inf

-5.00951371855 5.59767038356 
inf

-9.47650127088 0.964018735552 
inf

8.96685562048 1.67738317124 
inf

9.58808535691 6.35608663613 
inf

-9.04962218322 -4.11729803966 
inf

0 43 2.31850288175 2.31850288175
1 46 4.14019864606 4.14019864606
3 98 0.955976753544 0.955976753544
3 101 4.17875698097 4.17875698097
5 42 1.30086292096 1.30086292096
6 39 2.11597282532 2.11597282532
7 99 4.46577915205 4.46577915205
8 101 3.73524971217 3.73524971217
9 41 1.76460035485 1.76460035485
9 100 3.58465657266 3.58465657266
10 42 3.86997391032 3.86997391032
11 45 2.28120966729 2.28120966729
12 100 2.95037969778 2.95037969778
13 100 2.73285419746 2.73285419746
14 43 2.92348367999 2.92348367999
15 42 3.47693438251 3.47693438251
16 34 2.41436464668 2.41436464668
16 45 1.99507131522 1.99507131522
17 41 3.18954884222 3.18954884222
18 44 2.47510647143 2.47510647143
19 47 2.02387037401 2.02387037401
20 39 3.49219066406 3.49219066406
22 100 3.80174722431 3.80174722431
24 100 4.60506713458 4.60506713458
25 39 3.19081461335 3.19081461335
26 44 3.31222212583 3.31222212583
27 45 2.34918998559 2.34918998559
28 42 2.684909661 2.684909661
29 45 0.467838529747 0.467838529747
30 35 2.17504498392 2.17504498392
31 100 3.36213823308 3.36213823308
33 42 3.66551687088 3.66551687088
34 44 4.46528343721 4.46528343721
35 47 1.68599627596 1.68599627596
36 98 1.07469646728 1.07469646728
37 100 3.94562966684 3.94562966684
38 80 3.03965993869 3.03965993869
38 76 1.86494066228 1.86494066228
38 62 1.59841797834 1.59841797834
39 88 1.88971210799 1.88971210799
39 68 0.761866680235 0.761866680235
39 90 1.63766922123 1.63766922123
39 72 2.83441709036 2.83441709036
40 72 2.74849437893 2.74849437893
40 98 2.45166894311 2.45166894311
41 93 3.70091141347 3.70091141347
41 54 3.37303821725 3.37303821725
41 77 1.16101509885 1.16101509885
41 50 2.83142250166 2.83142250166
42 53 4.18903963166 4.18903963166
42 69 2.17053497029 2.17053497029
42 91 2.37036232673 2.37036232673
43 65 1.85205038649 1.85205038649
43 58 1.029289005 1.029289005
44 55 2.40208764757 2.40208764757
44 95 4.0393425126 4.0393425126
44 81 5.24893807114 5.24893807114
44 92 4.36057210461 4.36057210461
44 59 4.12340110904 4.12340110904
44 76 3.56011268076 3.56011268076
45 65 2.60769952694 2.60769952694
45 64 2.18314344947 2.18314344947
45 78 1.27863589498 1.27863589498
45 74 2.49468753651 2.49468753651
45 63 1.68059941416 1.68059941416
46 101 0.851666070291 0.851666070291
47 58 2.40165699277 2.40165699277
47 71 2.27195122644 2.27195122644
47 99 4.70798160222 4.70798160222
47 52 2.35434181434 2.35434181434
47 48 1.77959673871 1.77959673871
51 98 3.97351756078 3.97351756078
56 99 2.19812041538 2.19812041538
57 98 3.43729257648 3.43729257648
62 101 3.93193493501 3.93193493501
67 99 4.84628709097 4.84628709097
75 101 3.0567775166 3.0567775166
79 101 3.02893307322 3.02893307322
84 100 2.4501297352 2.4501297352
85 101 0.838327576125 0.838327576125
86 98 2.85201344381 2.85201344381
87 101 1.24817901039 1.24817901039
91 98 3.1315856668 3.1315856668
94 101 0.440619269097 0.440619269097
99 100 4.71976614863 4.71976614863
